-0.147219 0.988766 0.025866
-0.722907 -0.690823 0.012980
-0.814115 -0.579220 0.041486
-0.993520 -0.043597 0.104968
0.294555 0.954772 0.040583
0.327327 0.943788 0.046048
-0.785297 0.580031 0.216502
-0.922222 -0.354550 0.154274
-0.814705 0.430707 0.388261
-0.814705 0.430707 0.388261
-0.814705 0.430707 0.388261
-0.269656 0.822137 0.501375
-0.447520 0.597459 0.665409
-0.536507 0.396055 0.745185
-0.455968 0.251676 0.853670
-0.443208 0.249172 0.861092
-0.430376 0.246671 0.868292
-0.290803 0.179699 0.939756
-0.229968 0.123075 0.965385
-0.186946 0.092818 0.977975
-0.104077 0.061957 0.992638
-0.098943 0.060441 0.993256
-0.094031 0.058949 0.993823
-0.048498 0.039887 0.998027
-0.033239 0.031620 0.998947
-0.019171 0.027601 0.999435
0.018270 0.038151 0.999105
0.022571 0.040305 0.998932
0.027205 0.042717 0.998717
0.144956 0.113422 0.982916
0.253495 0.180949 0.950262
0.599673 0.392699 0.697266
0.829937 0.507165 -0.232354
0.819374 0.497956 -0.284020
0.769042 0.454107 -0.449845
0.733078 0.411984 -0.541171
0.727836 0.394195 -0.561128
0.739915 0.347256 -0.576142
0.751394 0.312663 -0.581076
0.763025 0.249943 -0.596088
0.743404 0.043116 -0.667451
0.207011 -0.654209 -0.727432
0.020239 -0.749176 -0.662061
-0.598345 -0.733225 -0.323055
-0.598345 -0.733225 -0.323055
-0.598345 -0.733225 -0.323055
-0.704920 -0.639433 -0.306941
-0.788867 -0.494725 -0.364604
-0.800299 -0.462889 -0.381125
-0.810634 -0.428198 -0.399398
-0.835283 -0.211150 -0.507659
-0.808260 -0.011659 -0.588710
-0.767007 0.115397 -0.631177
-0.712216 0.221485 -0.666103
-0.682972 0.256644 -0.683874
-0.671989 0.265100 -0.691485
-0.637767 0.287728 -0.714469
-0.533139 0.390161 -0.750691
-0.507686 0.410529 -0.757444
-0.481410 0.428446 -0.764643
-0.407107 0.395760 -0.823188
-0.496877 0.186787 -0.847481
-0.625652 -0.082062 -0.775774
-0.608565 0.155198 -0.778179
-0.541232 0.282425 -0.792025
-0.442477 0.426926 -0.788637
0.469145 0.836705 -0.282537
0.378336 0.673443 -0.635088
-0.550987 -0.621824 -0.556551
-0.623654 -0.781622 -0.011066
-0.623359 -0.781360 0.030001
-0.622230 -0.780821 0.056117
