0.725180 0.688560 0.000000
0.734418 0.678698 0.000000
-0.538292 -0.842758 0.000000
-0.472288 -0.881445 0.000000
-0.131372 -0.991333 0.000000
0.732866 -0.680373 0.000000
0.926950 -0.375184 0.000000
0.819782 -0.572675 0.000000
0.695124 -0.718889 0.000000
0.559935 -0.828537 0.000000
0.493547 -0.869719 0.000000
0.461681 -0.887046 0.000000
0.504631 -0.863335 0.000000
0.730700 -0.682698 0.000000
0.730700 -0.682698 0.000000
0.730700 -0.682698 0.000000
0.829530 -0.558463 0.000000
0.830752 -0.556642 0.000000
0.828702 -0.559690 0.000000
0.840859 -0.541254 0.000000
0.865332 -0.501200 0.000000
0.885556 -0.464533 0.000000
0.959200 -0.282729 0.000000
0.996196 -0.087142 0.000000
0.999982 -0.006004 0.000000
0.992869 0.119210 0.000000
0.980450 0.196768 0.000000
0.974175 0.225796 0.000000
0.930567 0.366120 0.000000
0.877715 0.479183 0.000000
0.427106 0.904202 0.000000
0.331529 0.943445 0.000000
0.218512 0.975834 0.000000
-0.964727 0.263252 0.000000
-0.999881 0.015428 0.000000
-0.999965 -0.008376 0.000000
-0.999789 -0.020532 0.000000
-0.998884 -0.047241 0.000000
-0.999094 -0.042554 0.000000
-0.999769 -0.021492 0.000000
-0.998441 0.055816 0.000000
-0.996921 0.078419 0.000000
-0.994624 0.103555 0.000000
-0.958988 0.283447 0.000000
-0.871356 0.490651 0.000000
-0.851696 0.524037 0.000000
-0.822198 0.569201 0.000000
-0.740922 0.671591 0.000000
-0.707884 0.706328 0.000000
-0.700937 0.713223 0.000000
-0.702164 0.712015 0.000000
-0.710481 0.703716 0.000000
-0.718811 0.695205 0.000000
-0.726165 0.687521 0.000000
-0.729067 0.684443 0.000000
-0.727679 0.685918 0.000000
-0.724094 0.689701 0.000000
-0.714742 0.699389 0.000000
-0.702410 0.711773 0.000000
-0.693900 0.720071 0.000000
-0.685201 0.728354 0.000000
-0.671646 0.740872 0.000000
-0.661151 0.750253 0.000000
-0.655100 0.755542 0.000000
-0.655765 0.754965 0.000000
-0.671571 0.740940 0.000000
-0.691852 0.722040 0.000000
-0.709368 0.704838 0.000000
-0.619673 0.784860 0.000000
-0.575657 0.817691 0.000000
-0.563127 0.826370 0.000000
-0.985150 -0.171696 0.000000
-0.760521 -0.649314 0.000000
-0.783292 -0.621654 0.000000
-0.823410 -0.567447 0.000000
0.526781 0.850001 0.000000
-0.610489 -0.792025 0.000000
