0.079696 0.000000 -0.035029
0.087872 0.008085 -0.035029
0.095974 0.016667 -0.035016
0.097575 0.018283 -0.034964
0.100000 0.020845 -0.034834
0.107032 0.028645 -0.034655
0.110994 0.033333 -0.034622
0.116178 0.039215 -0.034601
0.125000 0.049692 -0.034566
0.125166 0.049889 -0.034332
0.125253 0.050000 -0.033991
0.133982 0.060678 -0.033884
0.138666 0.066667 -0.033798
0.142569 0.071621 -0.033610
0.150000 0.081327 -0.033438
0.151034 0.082644 -0.032894
0.151555 0.083333 -0.032168
0.159392 0.093739 -0.032139
0.163995 0.100000 -0.032073
0.167545 0.104970 -0.030976
0.175000 0.115507 -0.030006
0.175578 0.116281 -0.029314
0.175861 0.116667 -0.028098
0.183580 0.127613 -0.027364
0.187612 0.133333 -0.026663
0.191396 0.139069 -0.023757
0.198720 0.150000 -0.020086
0.199091 0.150606 -0.020082
0.200000 0.152045 -0.020076
0.206857 0.162095 -0.006953
0.210086 0.166667 -0.005329
0.214534 0.173644 0.008873
0.221079 0.183333 0.017411
0.222194 0.185204 0.023307
0.225000 0.189537 0.028044
0.230096 0.196603 0.036508
0.232788 0.200000 0.038814
0.240814 0.210542 0.043128
0.245287 0.216667 0.046282
0.250000 0.222770 0.047523
0.260197 0.233333 0.053430
0.275000 0.247416 0.057355
0.278162 0.250000 0.059638
0.300000 0.266628 0.064356
0.300026 0.266649 0.065127
0.300047 0.266667 0.065434
0.311303 0.275798 0.070342
0.321200 0.283333 0.072831
0.322952 0.284699 0.074923
0.325000 0.286184 0.078934
0.333513 0.294324 0.079045
0.339709 0.300000 0.079280
0.343999 0.304001 0.082677
0.350000 0.309305 0.084334
0.354160 0.313893 0.085939
0.356765 0.316667 0.088899
0.363704 0.324197 0.089033
0.372512 0.333333 0.089350
0.373465 0.334357 0.091389
0.375000 0.335921 0.092600
0.382538 0.344975 0.093552
0.386893 0.350000 0.095832
0.391573 0.355618 0.095845
0.400000 0.365271 0.095882
0.400720 0.366187 0.096968
0.401113 0.366667 0.097913
0.409287 0.377142 0.098234
0.414350 0.383333 0.099403
0.417951 0.388032 0.099459
0.425000 0.396770 0.099568
0.426630 0.398914 0.099581
0.427501 0.400000 0.100231
