0.735610 0.677405 0.000000
0.732273 0.681011 0.000000
0.738861 0.673857 0.000000
0.750731 0.660608 0.000000
0.756337 0.654183 0.000000
0.763034 0.646358 0.000000
0.773018 0.634385 0.000000
0.781433 0.623990 0.000000
0.788609 0.614894 0.000000
0.798145 0.602465 0.000000
0.804079 0.594523 0.000000
0.808824 0.588051 0.000000
0.819561 0.572992 0.000000
0.835165 0.549999 0.000000
0.835165 0.549999 0.000000
0.835165 0.549999 0.000000
0.850388 0.526156 0.000000
0.860566 0.509338 0.000000
0.865009 0.501756 0.000000
0.873758 0.486361 0.000000
0.879115 0.476610 0.000000
0.882273 0.470738 0.000000
0.892327 0.451390 0.000000
0.900358 0.435150 0.000000
0.903468 0.428655 0.000000
0.908036 0.418891 0.000000
0.910519 0.413466 0.000000
0.911316 0.411708 0.000000
0.913549 0.406729 0.000000
0.913393 0.407079 0.000000
0.909214 0.416329 0.000000
0.908737 0.417369 0.000000
0.908238 0.418453 0.000000
0.898333 0.439314 0.000000
0.886520 0.462691 0.000000
0.883424 0.468575 0.000000
0.881289 0.472577 0.000000
0.869867 0.493286 0.000000
0.863760 0.503903 0.000000
0.856177 0.516682 0.000000
0.843172 0.537644 0.000000
0.840547 0.541739 0.000000
0.837921 0.545792 0.000000
0.823561 0.567228 0.000000
0.809503 0.587116 0.000000
0.806985 0.590572 0.000000
0.803229 0.595670 0.000000
0.790861 0.611995 0.000000
0.781086 0.624424 0.000000
0.775004 0.631956 0.000000
0.767717 0.640789 0.000000
0.759210 0.650846 0.000000
0.751902 0.659275 0.000000
0.743349 0.668904 0.000000
0.733535 0.679652 0.000000
0.727383 0.686232 0.000000
0.721218 0.692708 0.000000
0.711339 0.702849 0.000000
0.701450 0.712719 0.000000
0.695269 0.718749 0.000000
0.689092 0.724674 0.000000
0.679219 0.733935 0.000000
0.670598 0.741821 0.000000
0.663226 0.748419 0.000000
0.655877 0.754868 0.000000
0.647338 0.762203 0.000000
0.641258 0.767325 0.000000
0.632739 0.774365 0.000000
0.620479 0.784223 0.000000
0.616805 0.787116 0.000000
0.613172 0.789950 0.000000
0.601800 0.798647 0.000000
0.587108 0.809508 0.000000
0.585628 0.810580 0.000000
0.584045 0.811721 0.000000
0.561591 0.827415 0.000000
0.556039 0.831156 0.000000
